11 -4  1 0 0 0 0 0 0 0 0 0 0 0 0;
-4 8 -4 1 0 0 0 0 0 0 0 0 0 0 0;
1 -4 8 -4 1 0 0 0 0 0 0 0 0 0 0;
0 1 -4 8 -4 1 0 0 0 0 0 0 0 0 0;
0 0 1 -4 8 -4 1 0 0 0 0 0 0 0 0;
0 0 0 1 -4 8 -4 1 0 0 0 0 0 0 0;
0 0 0 0 1 -4 8 -4 1 0 0 0 0 0 0;
0 0 0 0 0 1 -4 8 -4 1 0 0 0 0 0;
0 0 0 0 0 0 1 -4 8 -4 1 0 0 0 0;
0 0 0 0 0 0 0 1 -4 8 -4 1 0 0 0;
0 0 0 0 0 0 0 0 1 -4 8 -4 1 0 0;
0 0 0 0 0 0 0 0 0 1 -4 8 -4 1 0;
0 0 0 0 0 0 0 0 0 0 1 -4 8 -4 1;
0 0 0 0 0 0 0 0 0 0 0 1 -4 7 -2;
0 0 0 0 0 0 0 0 0 0 0 0 1 -2   3;